3
21
23
25
49
51
72
80
105
111
112
113
130
132
167
201
210
258
286
298
305
319
323
329
344
360
368
390
397
412
445
450
486
488
502
523
528
573
579
630
695
700
705
710
712
729
748
764
814
863
911
925
930
1030
1031
1034
1064
1106
1113
1164
1181
1186
1192
1199
1230
1263
1304
1320
1367
1371
1385
1414
1426
1459
1465
1485
1518
1548
1579
1586
1587
1591
1605
1609
1687
1690
1704
1719
1723
1740
1766
1798
1800
1826
1832
1862
1874
1885
1888
1905
1925
1940
1950
1975
2043
2067
2086
2098
2225
2251
2267
2279
2307
2366
2368
2381
2382
2398
2400
2426
2454
2465
2470
2526
2568
2586
2598
2665
2682
2720
2723
2752
2755
2758
2801
2805
2814
2818
2827
2865
2910
2934
2938
2940
2977
2980
2995
3039
3062
3074
3096
3141
3148
3169
3179
3196
3197
3239
3284
3287
3289
3304
3308
3312
3341
3348
3395
3403
3423
3443
3461
3468
3491
3516
3517
3542
3559
3572
3583
3624
3631
3667
3672
3686
3688
3695
3703
3707
3719
3731
3777
3780
3819
3841
3858
3866
3891
3909
3931
3932
3954
3955
3958
3962
3972
3982
3983
3993
4015
4028
4041
4056
4074
4089
4111
4117
4127
4160
4166
4191
4195
4223
4267
4288
4301
4358
4362
4369
4378
4421
4437
4443
4474
4512
4513
4514
4523
4546
4563
4582
4583
4623
4657
4665
4729
4735
4752
4754
4764
4773
4811
4812
4862
4907
4963
4987
5043
5078
5109
5146
5164
5202
5205
5207
5209
5215
5216
5226
5230
5236
5238
5267
5368
5426
5427
5483
5484
5527
5545
5560
5580
5645
5647
5657
5671
5682
5745
5767
5781
5806
5827
5828
5870
5890
5912
5939
5955
5984
6038
6064
6080
6083
6097
6104
6120
6127
6140
6175
6191
6196
6202
6241
6317
6328
6372
6385
6388
6397
6442
6448
6453
6462
6495
6516
6540
6565
6586
6587
6594
6606
6609
6623
6632
6643
6645
6653
6690
6694
6697
6725
6731
6759
6772
6828
6846
6853
6871
6928
6938
6953
6964
6965
6978
6983
6993
7011
7013
7053
7070
7093
7097
7149
7161
7164
7183
7217
7220
7249
7280
7296
7301
7319
7355
7373
7393
7416
7451
7471
7473
7480
7488
7497
7587
7602
7635
7644
7645
7677
7678
7687
7693
7757
7807
7824
7868
7872
7878
7888
7927
7932
7967
8142
8168
8214
8248
8251
8253
8261
8268
8272
8282
8284
8348
8361
8396
8413
8426
8434
8439
8440
8458
8463
8468
8472
8545
8572
8603
8608
8622
8626
8632
8689
8695
8698
8712
8720
8724
8756
8810
8851
8864
8872
8873
8874
8878
8883
8891
8901
8909
8942
8982
9027
9040
9045
9087
9091
9092
9143
9154
9170
9246
9265
9266
9287
9293
9298
9371
9390
9395
9434
9442
9454
9465
9467
9503
9505
9510
9564
9569
9581
9628
9633
9662
9668
9678
9703
9705
9708
9730
9737
9761
9819
9821
9851
9883
9884
9893
9915
9942
9991
